Branch ID,Branch Name,Location,Leader Name,Contact
